idle 1 102 304 56 54
idle 2 154 305 56 54
idle 3 214 307 56 54
idle 4 154 305 56 54
injured 1 221 131 56 54
injured 2 102 304 56 54
injured 3 273 132 56 54
injured 4 154 305 56 54
injured 5 333 134 56 54
injured 6 214 307 56 54
injured 7 273 132 56 54
injured 8 154 305 56 54
walk 1 390 188 46 50
walk 2 336 188 46 50
walk 3 280 187 46 50
walk 4 223 189 46 50
walk 5 167 188 46 50
walk 6 112 187 46 50
walk 7 4 185 46 50
run 1 390 188 46 50
run 2 336 188 46 50
run 3 280 187 46 50
run 4 223 189 46 50
run 5 167 188 46 50
run 6 112 187 46 50
run 7 4 185 46 50
roll_ground 1 247 696 41 41
roll_ground 2 195 691 41 41
roll_ground 3 144 688 41 41
roll_ground 4 96 688 41 41
roll_ground 5 51 688 41 41
roll_ground 6 5 688 41 41
roll_ground 7 448 653 41 41
roll_ground 8 401 651 41 41
roll_ground 9 353 651 41 41
roll_ground 10 302 650 41 41
roll_ground 11 252 648 41 41
roll_ground 12 202 646 41 41
roll_ground 13 151 643 41 41
roll_ground 14 99 640 41 41
roll_ground 15 52 640 41 41
roll_ground 16 7 640 41 41
roll_jump 1 247 696 41 41
roll_jump 2 195 691 41 41
roll_jump 3 144 688 41 41
roll_jump 4 96 688 41 41
roll_jump 5 51 688 41 41
roll_jump 6 5 688 41 41
roll_jump 7 448 653 41 41
roll_jump 8 401 651 41 41
roll_jump 9 353 651 41 41
roll_jump 10 302 650 41 41
roll_jump 11 252 648 41 41
roll_jump 12 202 646 41 41
roll_jump 13 151 643 41 41
roll_jump 14 99 640 41 41
roll_jump 15 52 640 41 41
roll_jump 16 7 640 41 41
jump 1 247 696 41 41
jump 2 195 691 41 41
jump 3 144 688 41 41
jump 4 96 688 41 41
jump 5 51 688 41 41
jump 6 5 688 41 41
jump 7 448 653 41 41
jump 8 401 651 41 41
jump 9 353 651 41 41
jump 10 302 650 41 41
jump 11 252 648 41 41
jump 12 202 646 41 41
jump 13 151 643 41 41
jump 14 99 640 41 41
jump 15 52 640 41 41
jump 16 7 640 41 41
death 1 169 437 57 60  
death 2 228 437 57 60
death 3 286 437 57 60
death 4 228 437 57 60
death 5 169 437 57 60
death 6 309 497 57 60
death 7 368 497 57 60
death 8 426 497 57 60
death 9 368 497 57 60
death 10 309 497 57 60
